-80 -27 121 -138 -19 -69 -12 -4 11 113 -30 -160 -119 -9 105 -102 3 73 85 72 190 108 -147 4 25 95 -107 92 -227 2 54 -74 -46 27 22 96 17 46 -98 175 175 79 -13 61 80 -172 159 -55 -43 -36 -83 271 -22 91 53 166 -14 21 -60 22 10 152 17 0 49 -101 -112 -189 -192 -37 65 -65 -139 -167 -85 -168 11 22 -34 71 -105 -134 119 56 49 -16 1 63 -40 79 107 -128 -133 -274 52 -194 -11 -25 -26 84
-74 -141 -43 -5 65 -28 101 -3 -3 136 -67 -27 -44 95 -4 -138 -18 -200 -50 122 -60 72 10 -105 -66 101 16 -44 105 54 -48 106 -25 7 12 -122 38 25 141 73 -99 -11 183 7 51 -260 -9 -78 -96 84 -43 -4 -188 220 -8 -49 -72 -24 -18 -40 -119 109 -35 119 15 25 197 34 28 -97 -128 75 31 -231 -84 69 102 -72 -52 24 10 -104 20 52 -247 101 -12 -60 -22 58 62 -44 200 -66 -112 -96 60 -53 -26 20
-229 -119 -68 -11 220 8 -50 -91 -5 -31 -37 -165 4 -2 98 20 -131 -8 37 -62 131 -77 16 -276 -22 179 -280 -33 82 89 -5 -100 151 73 -117 130 38 27 -42 -134 37 -17 -101 -52 100 126 40 -97 -56 -1 15 51 1 23 -95 26 -63 -86 34 128 -150 -69 64 41 84 -5 -187 -68 102 0 28 -182 82 -2 8 -129 161 23 -80 -24 -96 -57 102 64 96 67 -145 -59 -225 36 96 -137 44 -257 -2 1 -125 151 156 46
93 105 174 -38 -183 89 -137 -19 23 -194 140 75 -9 -9 -47 132 -35 -151 148 80 -36 -69 -2 112 -10 16 136 -6 32 4 60 90 -164 11 -136 36 -29 124 12 -213 -72 -118 101 -29 111 47 41 -114 72 -192 -60 -6 -133 -30 -152 -10 -10 84 -72 14 -86 -42 -3 -37 -19 -1 60 20 68 105 162 -65 -85 123 -29 85 113 -18 -77 72 -33 135 46 -61 176 -35 -73 -52 -223 -75 109 48 -66 186 78 -26 78 -150 23 32
118 -31 99 117 80 26 48 -35 -43 -35 48 -57 14 159 -35 -58 8 -16 -14 -32 -26 2 168 184 62 -7 -51 74 -291 41 101 32 79 -185 94 104 -78 -69 -51 -29 4 224 -6 -111 -72 -25 150 -15 -113 -11 -41 -84 146 150 -76 76 30 -61 -113 -229 -10 -67 -95 -34 -26 -135 -111 -15 -19 -7 -76 30 109 58 28 -165 -109 16 -110 -31 50 149 -260 43 80 8 138 -72 58 178 33 -204 40 2 10 111 -64 -86 -164 95
23 47 -30 -3 230 -53 -9 -174 108 -100 77 -72 -41 56 -37 -80 84 21 198 -174 173 10 133 -144 -48 54 -24 -109 32 138 111 38 -54 -10 -132 16 47 -57 -2 -118 44 192 33 134 8 148 -31 -52 -64 -27 145 220 41 -145 15 -57 114 118 -11 21 -90 -5 -16 -40 -102 -2 -20 150 -83 -220 -43 -52 150 -219 144 54 -10 -63 53 3 117 35 -96 100 -34 -52 127 29 114 36 -89 49 -112 -154 31 22 113 -161 -9 130
136 -54 192 -151 134 312 -141 166 -18 98 8 135 -37 188 64 142 -87 -204 -18 -67 24 -147 -54 99 -176 -32 139 40 -7 -76 67 -99 -48 30 -21 -61 69 39 -264 -70 -174 -144 -13 -251 27 -18 -117 -159 121 -118 -84 -222 -45 -66 -210 -2 -134 -92 91 -38 70 -14 29 -138 47 -56 -75 36 103 -5 143 -138 28 26 -84 55 22 31 -24 -11 92 6 56 -83 46 17 115 -207 -55 101 -39 -242 41 27 13 6 120 160 105 -36
63 -33 -174 20 -25 -10 -87 -3 -53 -103 -5 40 -80 -69 -136 -40 68 18 17 -64 -71 159 79 -114 71 1 92 -162 93 6 184 -194 -38 -136 -63 -102 -149 2 141 241 -180 -145 25 96 142 122 -179 11 -33 78 37 210 -129 -97 202 23 26 166 32 42 -38 -139 -101 18 -89 175 247 64 21 -92 7 -9 17 48 -91 -21 -97 61 53 100 -6 63 8 14 -20 -86 -79 57 93 20 -210 85 65 166 27 50 -19 -138 -74 -74
29 33 -10 -12 -121 -50 -120 2 164 196 79 -74 -121 114 6 131 -20 -62 80 76 3 74 -5 -64 113 98 8 51 121 -23 74 113 -106 -107 -19 -10 27 26 -41 11 -4 127 -148 183 23 140 76 90 8 -11 -31 108 -3 -50 89 -33 -30 -6 -38 58 -62 -117 -141 59 -63 15 26 -47 -129 -97 -89 46 75 47 2 -74 -17 137 -42 -40 6 -21 70 -69 -95 256 101 38 17 153 -130 -8 -80 -117 -158 -101 144 -167 6 135
159 -193 96 -225 35 -101 37 -61 154 -109 -268 -147 -115 71 -110 71 5 -107 -130 18 11 -135 163 -21 72 38 -13 -74 -6 -90 101 -201 -155 -147 -23 -60 -7 216 -56 32 -176 9 87 140 26 134 18 -30 21 15 -73 14 -12 89 -283 -97 -142 73 -36 -42 -14 44 -51 -45 96 -58 117 -27 25 -94 91 29 267 -10 66 93 62 35 -109 3 79 243 164 -51 183 -30 -99 37 -140 -53 18 -18 0 214 39 57 99 -7 75 -20
13 -140 -15 147 -86 89 -96 -5 -16 -25 -103 140 -43 -215 -89 -59 76 113 -58 0 -51 55 -43 26 -58 184 123 144 -99 -191 221 -87 -106 -23 21 83 -120 -146 -78 -51 70 -45 -27 -98 104 -158 17 -110 -143 -81 107 -48 158 -108 -26 -6 3 -125 -80 38 91 -35 86 219 -26 156 -88 -158 92 -103 -33 -87 -113 -52 25 -72 -117 63 6 46 -21 185 -81 53 -4 121 -86 -88 10 -95 76 -115 148 -86 -73 73 -25 194 95 -37
27 -90 118 -46 35 31 -20 4 -164 -63 -142 -108 -29 -103 1 -1 -34 -78 67 121 -20 -28 -159 12 5 5 -211 29 -78 89 -39 -22 28 101 66 173 -20 -98 -94 -33 23 -143 9 -55 41 -15 -21 94 72 13 139 -145 199 207 78 215 204 -65 -79 101 37 11 78 35 -112 -40 -27 -102 47 67 85 -100 -45 68 -46 48 86 -7 32 61 -60 23 25 40 142 -251 11 -89 84 -52 94 126 168 -30 -127 110 -31 68 2 -41
-17 -130 69 98 -163 -6 258 8 -34 -59 -87 89 17 -72 37 -169 18 46 67 -73 -60 -41 -32 -16 61 -144 82 74 -88 -40 67 -19 -109 124 187 141 -15 -71 78 -58 66 13 46 -106 32 -174 54 20 149 -88 -88 25 -96 -91 18 123 -141 -10 -15 -27 -5 65 -114 161 -58 -95 59 -87 -2 17 30 0 -24 117 31 -89 143 81 126 -56 55 140 145 48 -79 89 -54 49 29 -46 -67 10 111 -292 -100 24 -191 42 60 -97
-40 43 -45 18 38 -289 -30 15 123 -14 21 24 66 -108 51 51 151 13 -147 90 -48 14 -11 107 130 -145 95 42 14 117 -199 100 79 116 43 160 127 78 118 84 -89 -123 -75 -129 -144 189 -115 60 276 -17 -86 -60 14 8 172 -211 305 75 32 -30 128 116 105 20 -148 98 -84 62 124 68 12 -51 -104 198 -249 -3 -30 34 -71 -12 36 10 -137 -90 -14 -36 23 98 -65 -119 75 -33 -161 277 122 -115 74 -111 8 -78
36 -35 -116 22 145 -194 -87 -99 90 179 47 -52 -9 -51 -114 148 -28 -63 154 268 224 5 20 -242 70 51 -221 -111 104 158 124 -93 23 -66 21 174 122 283 148 1 -74 -116 -212 36 -25 110 20 34 -185 77 59 -21 -40 32 197 -21 -45 33 -154 -40 -46 -89 -20 62 29 -156 -46 -96 -33 137 23 -167 78 -1 -120 -27 146 131 -9 -192 -18 -165 -58 -24 -24 174 -14 -143 24 -20 -81 69 49 -92 -16 180 113 14 -41 73
-6 -139 13 26 63 -105 -62 0 -42 29 -140 -191 52 -69 -52 151 27 24 -93 -264 223 -103 128 -171 -55 73 -228 222 67 4 -204 56 -1 -25 -32 -49 21 51 82 60 74 115 -181 87 43 -196 188 -171 -196 137 -83 -123 -173 73 -151 -121 -155 -185 -127 62 -108 -89 196 -106 99 -85 -238 60 95 36 -37 -14 -81 55 110 83 10 12 52 25 -172 -58 78 102 -98 155 -260 83 0 -64 -57 -21 -64 -61 5 107 92 26 -2 5
-91 95 249 -9 18 229 23 -64 84 -58 50 -137 -16 -89 90 -19 -142 152 -75 59 -100 55 -2 79 14 97 -118 -60 122 -14 29 72 4 0 -51 -78 27 -133 -14 15 134 126 -161 -51 78 -107 175 -4 -35 -34 -47 1 104 -50 -174 -79 55 -27 -95 123 158 33 60 116 171 142 -56 163 29 136 -33 29 -33 7 73 55 78 -54 -18 -26 -27 -107 1 -32 141 -55 -171 -100 -46 -70 -64 -133 119 139 -65 -38 -86 -2 -37 21
33 176 78 -1 -58 -43 48 -97 19 -145 152 71 -8 14 4 24 119 78 -61 107 -54 65 -38 -61 -45 8 -6 -106 -90 194 90 58 -48 223 74 -35 128 48 79 -69 29 -99 62 18 -43 110 28 -71 17 16 126 -146 -20 -222 -100 -44 -228 -27 -68 -13 114 -80 159 79 66 108 88 -36 87 -89 162 -75 -30 -147 -78 40 156 -111 13 68 210 74 -125 27 47 -29 -55 52 -55 -190 155 -7 96 96 75 -120 139 37 -38 26
57 66 195 -36 -26 71 -38 147 -60 -160 75 118 -4 112 173 239 -25 -136 144 97 -14 204 28 66 -40 0 94 71 15 109 26 27 12 -9 -20 -86 -98 -40 -254 -6 -34 -47 10 -106 -62 -28 46 -23 176 -15 33 -115 95 -87 153 -42 18 -76 -31 7 40 -234 -94 106 -117 21 227 115 116 -68 62 9 31 -36 -245 -82 -154 -7 -85 -94 85 219 -123 23 -56 -76 109 -86 -123 43 -5 -35 65 -10 -20 -136 85 -3 120 31
-64 20 24 48 -3 -24 139 4 37 187 89 73 -69 137 33 149 -175 -80 11 97 10 -56 4 -132 23 10 81 58 -99 -110 124 0 -130 68 -63 -38 165 168 -94 -34 -11 -47 -31 -13 -17 -27 157 -174 -29 -32 -70 22 65 -125 -99 24 -121 -138 -53 -71 -12 76 42 98 128 -51 137 -167 -200 -78 146 -27 -75 125 -87 28 143 17 15 11 158 -35 232 68 80 6 12 -76 -139 -11 36 -119 -114 -3 -20 -73 -16 64 79 213
-44 -50 34 23 30 37 -102 22 35 23 -94 -207 81 99 -59 96 -24 -74 66 -83 145 32 112 -76 51 191 -86 102 114 -21 -35 65 59 23 -142 -49 -48 -142 -139 2 -69 152 -28 89 45 1 -46 30 -129 35 6 -95 47 21 -46 -60 15 -32 -25 -1 -99 -168 189 -62 -102 75 17 222 95 -163 -61 65 106 -84 127 45 -139 -110 -64 -82 -146 -4 7 103 -114 139 -40 99 181 165 -135 -228 -12 -48 -114 -52 263 148 77 69
52 84 119 -25 -29 96 38 113 -58 -37 35 -23 -5 71 90 3 -72 -9 -94 82 -153 159 74 59 7 -89 145 -220 -32 97 109 -80 -59 -152 27 -211 25 -15 -120 142 4 -5 -41 -4 5 -126 71 -28 -148 84 27 -48 31 138 24 70 1 -114 154 -40 193 7 -151 57 136 56 53 -25 -41 -44 19 29 15 -118 22 52 -106 20 -2 -46 111 17 -42 -39 126 -139 139 -36 -146 -42 17 41 50 -29 -37 85 -4 77 102 90
78 -165 -102 -102 -138 79 -149 -172 120 58 106 -10 22 69 -49 -19 -17 -7 -105 63 105 -44 31 -78 67 -20 246 -115 -130 47 90 69 -27 153 97 157 113 24 98 100 121 -45 -103 19 132 -60 -94 64 -96 130 -180 75 5 112 -66 -25 -133 -56 14 -180 -79 -8 217 -8 -15 15 -82 -138 18 44 131 5 -91 188 -14 -83 151 84 49 -170 39 -8 -2 -42 -201 -25 -114 92 78 50 17 -118 18 -116 149 88 29 -124 -198 -4
-116 154 61 105 -194 31 209 78 80 87 -191 -67 15 -20 -35 -235 10 -24 -55 -143 14 -226 36 -97 84 -53 -39 116 73 -25 -69 -40 -58 122 47 -57 100 63 20 -79 79 -39 207 16 -14 -90 -3 -52 -49 56 -128 -63 -40 -17 -58 89 -92 35 81 -244 -78 25 59 80 58 123 -111 -182 13 88 47 40 -63 28 51 103 43 -128 -30 112 -217 -165 100 14 -196 46 28 150 157 7 25 304 -13 -115 56 29 -173 -99 33 99
-96 115 -1 142 -129 -111 3 67 73 127 -125 102 46 68 -33 -17 46 162 -70 -86 135 -89 -21 -19 91 -194 52 42 114 -117 41 -45 -35 -19 122 28 97 167 36 -41 119 55 10 -180 -128 173 -20 -141 5 17 25 -85 -49 -74 49 -146 -2 125 39 -74 17 -30 -117 112 -35 29 -66 -133 -10 -39 38 -81 -67 65 -117 9 -200 -9 77 -88 106 93 -26 -247 -3 25 65 67 -15 77 -103 1 -4 20 67 18 -26 132 46 167
99 -72 -39 -36 -32 13 -28 -38 160 -23 -69 55 80 -134 -119 59 -24 9 -135 14 57 -112 41 -30 36 120 23 43 -26 -11 -46 117 7 87 206 25 102 -156 -15 -319 -74 -89 -30 51 -41 82 -33 -33 -178 -178 -59 -46 52 -207 -191 -134 63 -31 -74 -33 49 56 111 -212 177 -17 -49 -9 -24 -32 30 -30 12 -119 184 -6 9 -12 75 -66 51 47 -42 -41 29 12 132 66 -53 63 -45 64 -46 28 -38 92 305 -14 84 101
146 114 -7 -80 -57 -122 -36 63 59 -132 103 165 -126 53 30 94 39 48 104 181 -227 26 -152 -31 -35 -54 42 -44 89 19 54 160 -12 -55 -4 132 -72 -37 112 -155 -148 -67 85 -104 108 70 60 -147 29 70 172 49 -179 -182 -38 11 -96 38 100 186 -82 43 -35 76 -82 -43 224 92 59 -149 -50 34 36 23 -69 59 133 -168 -9 -54 167 192 -195 96 90 6 -29 -239 -207 -216 77 2 -29 26 -128 25 71 -6 -148 97
-46 -90 -110 -43 -27 24 -53 -179 49 20 69 -82 -138 -26 -96 5 -7 -27 33 -71 -52 139 112 -150 6 40 34 -24 137 149 130 -82 -18 229 97 -83 -173 -20 186 0 -38 -15 -35 18 21 -84 150 10 84 18 6 103 -3 -21 -61 130 -126 58 46 107 -201 -125 86 36 -85 -39 19 85 -18 -42 64 39 -27 -28 32 16 141 37 109 -69 93 54 8 252 -111 85 -184 130 23 -41 -87 -58 -25 -101 73 17 -13 -21 -109 88
-98 -79 -156 -114 77 28 126 -135 -104 -31 -57 -192 4 -47 -34 84 -16 26 -49 -14 111 -185 103 -67 88 -19 -157 -136 31 91 -206 -130 183 78 39 115 -58 10 -42 -18 -17 -49 65 29 66 178 -59 121 -64 80 -70 -109 -38 8 73 99 -50 -108 91 -10 -77 -62 68 33 52 -103 88 -125 71 106 88 148 121 99 -142 -127 -5 40 114 -140 16 -84 151 -6 -16 -8 -168 110 17 198 144 -100 -48 68 -149 -68 -141 55 83 -77
153 -12 64 -65 28 -51 87 -2 48 -22 -47 -71 -94 121 112 57 7 -32 -87 -44 209 3 -44 -70 -59 135 -206 123 -34 62 139 135 -87 24 74 2 96 15 21 -126 228 186 14 -109 -56 -74 187 -96 -93 121 -1 61 38 155 -83 74 -37 -1 59 99 -67 146 -79 217 -25 -82 32 -38 -39 -38 25 58 45 -86 53 97 44 -50 123 142 121 47 34 127 -86 27 -131 6 -48 47 119 -134 86 -329 -8 -127 -139 -59 80 29
21 -119 -34 -2 -99 81 -85 -44 -64 -320 -5 70 123 72 208 51 -34 -29 -20 78 -85 308 61 5 -32 34 245 -43 -63 162 61 28 -112 231 37 24 -86 -65 -24 -170 -10 176 -155 137 -150 131 -18 30 98 41 -232 12 -106 43 -45 -16 12 -57 313 -62 -26 -188 79 -5 -70 93 -114 -96 164 55 -27 -155 -8 111 -54 -30 -151 -77 -32 -216 61 70 -64 -8 -4 -77 65 -86 8 -29 82 217 148 -28 170 -6 37 -15 9 -26
-227 34 -33 74 26 23 25 10 -24 101 6 60 6 16 52 -65 -38 -92 103 -13 -77 -22 76 -91 -220 51 45 -45 123 94 -117 -60 197 -5 -162 -126 -171 38 141 24 -158 99 -28 15 -12 -151 55 38 -10 3 8 89 -263 -90 -134 3 -107 -55 -175 38 -3 6 95 -25 113 63 -3 31 -3 -5 -113 -169 -48 -31 -9 142 103 -15 -202 -85 -115 -62 107 -55 16 166 -68 -26 -80 -231 -61 -2 -132 120 45 74 14 175 61 -94
68 64 52 -11 -6 69 -60 -52 -62 -150 -36 -19 -191 -76 -3 5 -4 -245 -6 4 -186 40 82 100 -59 -116 222 -75 62 -58 79 -77 17 141 -58 6 -123 61 -216 -25 -134 -23 212 6 -106 125 -114 -38 178 -42 95 41 80 -144 -16 -45 27 12 89 -47 15 -178 -116 25 -105 104 71 171 23 -232 143 4 120 -30 -22 34 -109 -93 -101 -88 69 99 -49 -48 -16 -36 237 14 50 -131 -29 15 -70 209 51 -177 102 -49 -30 6
81 40 -120 -49 141 -83 -46 53 139 18 -114 -26 108 -109 -63 -188 32 -43 -169 -23 59 -171 -37 54 0 -41 5 -69 109 -46 2 203 -21 -140 85 -71 -56 67 12 -39 -19 48 153 -58 -9 -1 -80 7 107 -302 59 70 79 -83 -78 -18 53 168 -100 8 3 -39 16 -136 34 80 57 26 85 145 -250 -68 148 -242 67 50 -65 -32 -116 -100 -78 -13 101 1 -54 128 17 47 2 154 -82 58 61 -102 230 -96 -26 -155 -39 76
-133 -94 -100 118 81 17 -67 -56 -71 -2 67 36 76 55 3 49 -60 81 28 -307 111 -62 18 -96 -90 -16 -75 138 56 -75 -122 16 -29 86 -37 152 -27 -65 44 -9 90 136 -157 103 -121 26 -71 -104 -151 1 17 105 112 1 22 -47 -80 -81 107 238 88 16 35 -31 12 42 -40 26 -55 36 -53 119 6 133 -54 92 -57 -128 155 -23 55 116 82 3 -63 156 -53 -21 -52 -163 31 21 -114 -236 7 14 115 43 9 -285
66 -96 -80 119 -115 139 -153 -1 -153 -136 26 -24 68 -191 137 -81 46 19 -15 16 -266 45 10 -19 30 7 162 -35 -94 -243 86 -24 133 -14 89 -44 -69 84 47 -6 -64 -27 -6 6 9 -102 -188 105 27 15 21 52 -32 5 196 55 -72 -121 112 -47 54 147 -43 40 -40 23 -2 75 -82 69 -192 -42 -126 157 33 -81 126 83 104 0 94 54 -86 -74 -55 -207 -90 88 18 -53 47 -6 136 -112 96 37 -150 -126 205 90
144 -128 62 -85 54 -85 182 59 16 20 -51 -131 -102 90 -71 77 65 -72 -112 51 -13 -62 26 29 72 -102 42 -4 -146 40 117 72 -89 -75 -20 4 17 50 -13 118 42 108 155 -41 -13 100 84 -3 -24 90 26 -22 59 32 -31 -65 -43 -8 -187 -155 98 24 -75 156 73 -105 132 62 76 5 169 82 156 -3 17 3 -25 -46 -184 87 101 34 -71 83 43 -4 42 26 -106 42 -24 -121 29 166 -54 45 82 -142 -46 -93
91 -70 -163 120 -58 -76 -132 126 -85 16 76 -8 11 -54 -100 -108 -67 33 3 -88 -61 102 -85 -41 -56 61 -3 -67 148 -215 13 -68 -100 -29 101 138 183 -84 96 64 -72 -223 -145 -6 -102 -142 16 -58 -83 57 -5 -65 -159 -16 -68 -114 26 -79 33 -103 -55 158 59 -93 -166 222 -122 -27 26 -177 78 -24 -51 27 101 110 -23 -44 62 2 -126 134 -85 -3 -162 -227 50 -117 186 89 -104 -35 45 151 113 -32 -37 -64 -281 -122
87 -6 -53 -132 50 34 75 75 -75 105 101 -38 -69 76 -148 -18 -27 105 83 158 92 -82 106 138 -39 17 -79 84 36 -55 6 105 -6 138 126 -98 84 -77 -138 -49 228 -3 91 -265 82 -136 248 -74 -103 5 -58 107 253 145 -189 121 -37 53 -17 65 -40 223 37 84 173 -58 -77 96 51 57 -103 200 -123 7 -43 -51 -59 -288 114 263 -64 -63 -185 100 -33 157 -18 84 159 -64 -95 -120 55 -199 -122 -19 -62 -105 2 18
-1 -134 95 -46 63 87 62 -11 -143 -145 -101 -268 32 135 -136 11 67 36 38 -105 -96 -84 111 -34 65 -28 -126 70 -195 -8 -153 -147 -70 -73 40 30 -75 -84 26 159 -75 -69 -74 -65 -205 66 -209 -131 104 113 -147 30 101 137 186 -25 -50 -17 110 -49 126 38 -41 -150 -27 39 12 74 -29 -86 94 123 -84 -22 49 40 -60 42 25 87 -246 224 34 19 0 20 -16 -4 159 -26 -113 78 -16 164 206 34 74 -90 -48 -4
219 -12 -34 115 5 -55 -65 -79 -44 -82 9 154 191 -59 135 28 46 282 -94 131 32 92 5 -22 102 -75 58 -133 -95 62 49 132 -49 155 120 46 139 118 96 -97 120 10 45 138 12 20 40 170 106 -21 37 20 -120 -167 -143 -36 -96 33 101 -122 -87 -20 166 -134 1 -51 -1 -123 121 35 61 -138 34 105 46 -44 27 83 96 55 87 -181 67 85 131 -205 -5 162 33 -96 33 65 -78 -130 3 -55 -145 12 -45 -92
-39 -6 174 -149 -63 8 -89 -74 -26 193 49 -71 -2 306 -122 30 13 -59 -27 -132 25 -266 71 62 102 -48 -30 23 -179 62 -174 145 25 -30 10 -63 55 154 -160 279 -41 284 168 -110 -20 0 -103 8 -32 -64 -149 66 108 15 107 -183 -133 20 -117 109 -91 52 -111 18 -18 -151 -36 193 19 -46 -18 105 7 40 -192 107 -10 -65 -111 66 -20 -29 191 -66 85 -9 -104 -18 189 1 13 -112 -16 112 120 -28 75 -47 -13 -60
-33 -53 -68 -130 166 45 -140 44 -92 10 10 48 114 29 -28 88 113 165 -107 4 157 -54 -73 77 -98 64 -178 3 -146 -49 -159 62 -61 -155 -58 56 -158 -314 12 -80 -103 42 -188 114 -77 -130 -104 -66 -81 85 55 -180 -117 183 -62 -30 133 -83 -73 40 79 159 27 -118 179 85 92 159 29 192 -156 -82 -155 -31 84 -73 121 -84 -33 -53 -47 -79 61 -3 -77 -172 -118 -199 -151 20 130 44 -48 39 -5 13 26 -35 -9 -122
53 -24 6 -52 -60 106 -128 -100 -80 -59 277 -67 2 -85 -87 -15 55 256 100 156 -54 -71 -60 -39 40 -19 -186 -79 -76 24 -103 160 99 70 145 84 -97 -31 -57 128 60 -88 -127 -90 42 -22 89 -99 -95 -30 187 -36 60 -111 -205 1 -43 -33 -96 73 -18 23 33 -85 64 81 -209 -110 98 -44 153 -24 37 57 -35 72 -66 -50 -143 19 -95 127 11 -98 207 -133 -17 -99 53 -270 104 -74 -87 105 -77 -10 -37 186 -141 -127
20 -28 -3 -213 68 283 20 -43 -90 -20 28 181 -115 138 -82 -27 -2 -56 51 94 -114 -86 91 25 -141 -48 273 -57 -38 114 78 -7 -53 64 -165 21 -4 143 -159 -29 -135 53 -28 -10 -15 -11 -167 -79 82 74 16 -201 136 111 139 115 8 -105 15 -41 210 104 -91 274 90 71 -106 79 -110 31 -45 21 -23 45 -14 -28 13 -131 -134 -158 -26 -94 -20 64 0 82 -118 -31 -80 49 37 -66 56 50 -27 -7 -42 -62 -135 -22
22 -12 -71 188 -184 131 77 6 -84 -40 29 -75 56 -75 -20 164 35 -12 116 -82 -112 45 90 68 66 -68 -144 -133 106 6 43 160 -28 27 96 -88 -10 -292 8 -47 66 85 173 -99 -164 -194 112 -67 61 -102 23 -5 -86 -6 77 -124 27 -11 70 8 16 1 -224 -18 77 8 22 119 -112 -68 -6 11 -80 95 100 49 -135 17 192 43 -92 -25 38 22 -16 47 103 111 -79 120 -102 132 -41 -22 -134 165 -12 58 24 -51
-57 73 -135 -149 -29 -38 199 -22 187 -48 -128 -46 -65 17 133 -90 66 59 -218 -134 -12 -107 83 109 61 163 86 -3 -166 29 51 -251 57 55 106 7 -117 -37 13 -33 226 41 13 -24 -118 137 46 -20 121 -34 -245 56 171 -136 60 -28 -38 180 -28 132 177 -120 209 6 83 -37 -64 -111 -47 15 37 -74 -55 -183 123 -163 22 33 68 -101 60 114 -44 142 -15 115 -98 294 -5 -173 7 -29 -178 24 210 37 -147 58 42 -30
-14 -74 -49 82 10 38 -113 -130 -168 37 -122 -76 25 34 77 -67 114 117 -44 16 57 127 -90 -102 28 -66 9 187 130 43 -50 -86 52 -89 63 -62 -154 67 52 65 46 63 -158 130 56 4 -45 -54 25 247 36 14 -211 -62 18 -169 -46 -117 30 212 -31 15 23 -59 44 134 -87 -24 35 -174 -40 3 -50 -161 112 26 137 102 14 -40 95 72 104 -8 -100 38 56 58 -42 -168 -111 100 83 -113 119 102 -60 55 178 -46
53 -35 -67 -147 118 177 39 -57 -90 -159 -129 -44 -25 108 -117 5 -33 -34 -92 150 -42 -14 139 16 63 3 -15 -255 19 -61 107 -48 -136 20 0 -162 -28 -86 89 -256 -145 38 -45 -15 -139 202 -131 -11 144 -33 78 -57 196 -87 11 20 67 230 90 9 14 33 41 -27 92 12 240 155 -8 47 -51 -89 268 -6 26 -62 54 -113 121 -93 107 13 123 -112 42 -127 -89 98 4 50 -105 -47 74 73 -74 -4 -126 -75 116 22
13 -60 -34 -96 -146 20 -75 30 26 -54 133 -52 -31 -56 -6 139 -44 138 2 -154 21 -109 -160 -128 40 -64 -51 9 -9 -109 209 -84 70 13 -106 -64 -32 -4 -120 -52 149 62 -146 116 96 26 -121 45 10 -51 191 -70 -58 -71 79 78 -35 110 80 -29 96 -48 28 31 -126 89 -66 -19 14 26 -49 -111 185 103 -121 -20 124 -17 162 -226 -18 -34 39 -182 -39 -180 -50 -55 138 106 -19 -34 134 -31 -55 102 -22 -73 -125 26
-96 -35 -178 -1 66 21 -114 -140 -44 -22 -136 -137 -40 -37 -150 -153 -64 -214 -199 -5 -111 -56 190 -83 -5 -6 -12 -217 -80 22 0 -82 7 -108 15 62 -18 133 67 43 -92 -97 -90 82 -60 -62 21 -64 -108 167 203 87 -157 264 74 143 -37 -60 128 -160 -110 -65 -24 -68 -145 -21 -59 5 34 -99 -195 175 -33 -53 62 -96 93 -57 -8 88 -19 115 -10 66 11 75 -80 41 -44 -49 -42 18 29 180 59 72 -169 -138 -111 162
-108 -72 -218 120 -75 87 11 -104 -42 93 93 -107 20 -47 -137 13 -116 -105 86 205 76 -126 102 17 -27 215 -144 -211 -84 15 -92 189 123 191 -24 62 -20 60 -89 -97 -161 73 -78 9 78 -43 105 52 -75 50 -116 40 -76 262 -64 53 2 114 -206 0 -32 128 155 -91 -38 -75 -159 -113 -27 52 -112 24 -19 47 -7 -198 114 -111 13 4 -210 53 116 44 -34 44 -167 -79 40 2 177 -102 -64 70 118 -141 -41 -9 42 -169
135 25 39 39 105 -81 85 -122 -116 -37 45 96 105 54 317 93 -26 45 71 134 -36 267 110 116 117 37 6 58 66 97 102 241 37 111 -64 -44 -208 194 30 -182 12 140 1 198 25 41 54 16 183 19 -116 75 58 114 23 7 48 75 86 98 -118 1 -116 14 -28 -81 144 -16 35 31 -59 49 71 24 -75 -177 -10 -16 65 -21 174 8 -154 -111 65 66 49 163 -47 -173 73 -72 -41 3 -195 -261 55 5 -107 153
-111 5 -4 -58 -193 -37 95 111 -67 83 -52 38 -90 183 -52 113 -103 -32 -8 -81 3 -2 20 88 68 114 -22 13 38 47 -133 87 11 30 -216 -15 -18 -110 1 -121 -48 105 -5 -166 21 -42 47 78 213 -18 -157 38 -88 7 -26 40 -32 99 95 29 -116 -120 44 123 6 -12 109 244 182 59 46 18 21 126 -118 25 -42 -69 119 -63 -96 -28 34 -288 -10 92 -115 178 -81 3 53 -1 71 -11 -127 -17 -48 1 -7 -120
-62 141 -123 211 35 3 -55 -12 19 -50 -64 15 278 -74 91 -41 -161 100 -96 -109 -17 -54 13 166 74 -46 5 -98 -44 -98 -19 -87 77 7 5 98 -169 -125 -140 -106 23 -9 3 105 43 77 -20 152 125 -68 -84 94 39 -83 21 -2 162 -111 -23 -34 -25 -71 60 -18 -69 19 -88 18 167 -55 -88 128 12 -55 86 -131 28 92 84 13 69 52 36 19 -67 -242 -67 78 -110 70 80 -162 -175 24 59 100 -102 78 87 -5
63 -73 -15 -136 71 -51 41 44 8 -86 -58 -160 18 -40 -120 67 78 -103 -73 114 -44 -53 133 119 -193 31 21 -69 -112 -120 51 -138 -60 -198 161 56 -7 31 22 137 220 -77 -90 -153 -9 -118 2 -17 -328 197 55 15 -213 96 74 111 -129 -90 28 232 31 208 28 -10 156 -44 87 -85 -230 116 13 -13 118 43 84 56 58 -25 203 -135 -8 -99 -231 -56 18 -22 -53 -23 -72 -159 80 -51 -4 67 3 124 -121 18 -6 -159
39 207 50 77 54 10 27 186 -72 -49 158 -87 29 10 126 50 -122 -6 61 64 82 31 -192 67 -25 -166 -135 33 101 -44 123 104 91 25 -215 10 54 -30 95 -154 55 -98 138 -142 -7 77 131 -27 43 54 24 -52 101 85 21 -19 136 -72 159 -39 68 118 -49 142 49 -38 -116 -42 18 -5 1 56 -10 63 111 194 -48 68 120 120 -7 -131 15 8 -61 48 -18 -106 -128 11 66 -113 -50 -82 -75 -5 22 53 18 -76
-86 -88 135 -20 -167 72 -36 242 -102 -21 -101 0 129 -62 34 -160 -81 99 -32 121 -136 86 -23 84 -54 37 -17 103 69 -136 16 46 100 53 44 -12 -148 -21 -26 4 -19 -203 -30 8 41 70 74 -22 34 -53 -81 -25 162 169 -62 90 61 -65 50 -43 41 -4 -40 -99 75 55 -176 -121 82 128 -166 194 -152 12 115 -129 -191 -18 -61 155 -147 -50 0 -71 -24 76 54 -201 9 18 -5 -36 90 -78 -22 20 243 98 -35 51
3 -67 152 126 -32 124 127 8 -118 -83 -75 151 149 94 102 -74 -51 75 -17 -18 12 -77 -36 68 31 124 11 300 -117 -30 24 -78 -94 -51 -19 82 -211 95 113 -37 -14 -43 -141 9 188 -97 -95 129 144 46 -151 -49 -122 10 50 138 -71 -129 -49 -5 -172 27 -77 -17 59 -36 -51 -197 96 49 24 57 40 270 -53 -77 121 199 -2 48 -34 -23 60 -33 30 120 -299 67 -57 -92 143 -222 87 -128 -171 53 -239 34 -54 -26
-66 85 97 -60 47 60 52 -157 51 21 -24 -163 52 60 -57 30 67 34 -7 1 -32 -261 -12 150 -47 9 -209 -46 -60 102 -151 92 90 -5 39 -50 211 113 -8 33 94 -27 17 -199 -6 115 -126 -157 -175 -25 -50 -118 252 -21 -128 100 -195 -142 -160 176 -4 52 -17 49 116 -146 -149 53 -6 36 18 53 -65 -57 -115 120 -36 -67 2 -86 -128 4 -94 -32 115 207 48 52 -26 -146 17 -82 88 -70 47 -37 87 103 49 -2
-50 -190 -44 -1 -125 -120 -29 3 19 37 -26 10 12 46 -204 -99 -37 -48 90 -11 20 -27 224 41 169 80 10 -149 9 -85 -103 -41 -150 -53 97 37 3 -132 48 148 -73 -77 -159 -35 -81 -73 40 133 -7 -3 -112 208 -110 -122 151 -1 -81 223 67 -130 -290 -47 52 -307 44 -118 64 18 52 -5 -17 -30 38 71 -11 -3 -43 -17 17 38 -110 -45 63 -35 -40 23 -10 89 165 -23 -295 142 -9 -90 -21 120 38 -238 21 -4
-9 45 -45 83 83 -147 66 131 -83 29 -83 -20 14 -111 49 -18 31 -120 -74 -73 13 -59 -118 -143 -96 -230 64 37 -15 97 95 -21 96 2 -138 -77 -1 291 104 127 -60 -39 111 36 119 -43 -6 80 -68 139 170 58 16 140 4 137 -123 -64 -176 29 39 77 30 277 -78 -80 50 -139 18 175 125 49 -47 -1 -2 10 181 82 16 170 211 -44 46 278 -74 -33 -134 -36 -95 -97 93 -77 152 151 69 -3 -28 -17 60 -7
105 38 212 4 -77 -196 -138 -41 -98 29 142 -221 -107 20 -23 39 -181 184 102 150 65 88 -64 -22 192 -114 13 -137 -3 -57 165 142 -31 102 -141 60 103 15 38 -58 -10 36 -41 180 -77 82 39 2 61 -68 39 130 42 -175 95 -69 -63 90 182 -81 -25 260 2 38 136 -77 115 39 0 -33 130 -180 43 -33 -17 -42 116 -97 -134 -28 -7 -206 -43 -118 174 -296 6 -175 -21 58 -38 29 79 1 19 -125 229 -8 -56 116
7 -143 -100 -110 -16 -148 -25 61 26 73 -234 -168 -134 -82 -86 -59 5 65 10 69 -19 76 83 -55 108 39 -4 -67 -12 6 21 -137 157 -63 69 128 14 -42 -80 283 87 -76 -28 79 40 -29 -13 13 -298 -23 -90 62 -37 40 -89 87 -127 -190 -90 14 21 -69 -69 67 98 100 129 -240 -58 -27 125 -97 -77 92 69 -31 -175 108 -149 20 -10 -27 -55 -8 11 72 78 127 -80 76 -59 84 -93 124 28 89 -58 107 110 -108
31 187 -187 -40 -47 134 -158 88 -37 61 107 159 -40 -128 25 -161 -31 8 -159 199 79 -46 -64 154 106 -103 -38 -87 -47 197 -103 126 58 77 50 88 -143 167 5 -116 -171 -153 34 11 198 72 275 33 159 -70 172 12 -124 -56 -11 -32 52 139 -74 -14 -40 -16 43 -49 -57 -72 -102 -76 274 6 -39 -41 95 -37 18 -217 29 61 -55 -4 36 28 60 -142 86 -111 -106 -135 -170 3 174 -119 48 71 -138 -80 36 23 -55 -4
134 -167 193 -104 -111 -17 16 -31 -34 -174 103 70 -49 8 46 155 -54 12 48 14 -43 101 -99 165 206 -79 84 -26 -158 103 8 280 -123 115 -21 147 17 -31 -59 7 108 118 31 -129 76 36 -59 45 75 -108 -105 -110 -76 63 -6 58 149 116 5 94 7 129 -76 31 -156 -48 -136 186 117 84 24 -219 13 118 -54 -67 24 -148 9 106 -12 -78 -64 -38 342 -208 -80 71 -27 111 116 -198 148 22 26 -74 -77 -166 4 -69
-15 33 94 -33 -38 49 -99 175 36 -69 15 -183 -114 -11 114 54 -123 17 -23 55 -250 66 -139 7 -4 -119 7 -76 22 -39 -13 -92 165 -32 -80 -67 62 -39 -59 3 -91 -46 -59 102 71 77 -15 -40 164 133 -138 -5 34 -89 49 -99 31 -172 156 41 76 152 13 -108 61 -29 -27 -15 -76 -121 -114 30 7 54 -42 47 93 146 6 -79 -33 -96 63 29 -55 -59 -30 -102 23 17 6 1 -27 -64 34 -21 79 -92 30 136
-160 -107 -81 47 32 47 136 34 -44 -32 -20 8 87 -34 139 73 113 123 64 -125 -115 164 -58 -169 91 81 -184 41 111 369 150 -63 -56 52 -89 -48 89 34 91 100 48 -157 -99 145 -77 -84 56 107 -50 -87 47 -46 -65 -104 -77 31 -114 0 4 227 52 -110 -55 70 38 120 -9 -11 2 -28 -30 -115 -18 9 -28 71 41 63 -8 57 29 7 49 60 86 81 -109 246 -136 59 79 74 66 -79 -74 43 -109 51 113 1
-18 17 134 -60 -170 -70 203 -79 -31 109 -64 168 64 104 -179 84 -71 -68 -105 -157 -50 -271 16 69 -17 0 -171 -41 -177 -26 -64 8 50 -34 17 117 -18 -12 -115 143 -8 64 -11 -111 -45 -51 -102 163 60 -108 -63 48 78 75 16 210 -31 128 -68 156 10 12 -122 2 5 -181 66 -16 -72 339 15 29 8 213 -4 -147 80 104 -19 -10 -120 55 161 24 48 -58 -319 77 -23 -60 -19 167 -42 -17 89 73 -209 -27 20 121
-113 -56 191 127 -94 -111 262 152 -166 -1 -137 -133 4 18 -19 -39 22 -87 16 11 19 -39 268 11 94 -16 -35 -3 18 81 -66 -14 -31 -96 198 81 -156 -40 12 -9 -144 -88 109 -123 -58 0 72 -102 -26 27 -109 -203 34 -148 230 -149 -31 -25 125 -74 -74 -99 165 -147 158 -144 182 18 72 148 137 131 27 13 8 29 -29 -77 -61 -17 -72 2 -19 -81 10 35 -2 -16 49 -7 17 121 -20 8 -161 71 145 136 163 92
53 21 300 -54 33 -4 -39 -67 70 -144 -139 183 83 19 228 127 -72 -61 -33 57 69 -4 43 42 38 -189 -98 108 -142 -143 76 -140 -124 44 -26 175 -27 46 -76 -166 161 -5 215 -2 -183 -16 23 -118 93 -46 11 -150 48 125 -46 -52 63 -62 80 -78 40 144 -136 116 32 -64 38 -63 -58 70 64 -187 98 31 -67 -51 -34 93 -171 23 151 -30 -115 99 184 -79 -6 34 -260 -95 108 -103 -33 -73 -48 20 -33 39 -52 121
-54 82 170 -223 -158 131 11 122 -90 -200 -178 -77 -46 129 -9 129 25 -56 162 137 -149 -57 -57 40 126 -1 -61 92 60 27 -80 -41 163 17 -180 153 -130 48 -127 1 12 -10 -38 16 92 178 -231 139 -38 44 -96 27 8 -93 -117 43 -15 -50 -6 113 192 -141 -128 -5 -22 -10 -47 86 -28 86 120 86 75 6 -10 23 -29 65 -200 28 -26 52 -17 -15 46 125 132 -40 -45 -82 14 120 45 204 -126 -48 -49 29 63 -12
121 177 50 -51 -50 -14 61 82 -145 -156 -2 129 36 63 -104 -78 -143 -160 149 111 188 3 0 -56 -139 67 -111 56 111 -83 137 -79 36 -1 -44 10 -37 -17 -52 -142 -55 -81 15 -306 116 -46 76 94 -74 -134 30 253 -61 -134 -142 65 119 86 -48 81 30 -78 -32 104 -116 16 76 117 44 -67 178 60 65 -149 95 62 4 15 154 204 55 69 109 -51 31 55 29 7 -41 -187 -196 134 44 108 53 -13 -210 18 43 -183
-48 -22 20 88 171 31 72 -9 -150 78 45 17 -18 34 -27 47 46 119 87 23 145 68 -82 51 -74 8 -52 -34 -48 105 96 132 -38 30 -131 -83 -18 -109 -19 -112 -159 92 -47 -40 32 16 108 -83 52 -145 -12 -49 66 41 11 -94 146 54 -184 46 151 140 59 55 73 -55 -92 27 44 77 -50 -168 -33 24 3 -103 88 7 -5 58 -16 -86 67 -53 131 -76 -108 -244 -9 178 78 -125 -25 40 -84 -27 70 155 60 -68
0 51 -55 -49 -345 109 -58 36 54 67 -42 72 -197 -24 -102 41 -14 -189 -126 110 -145 -72 -114 15 72 -33 111 -104 124 84 -54 243 -22 67 84 -130 55 24 -32 -67 -135 16 65 -75 -84 117 78 -94 108 77 49 -11 35 48 134 -24 -165 166 312 -56 47 -50 -78 -42 69 -69 71 -15 -18 154 19 71 36 107 -77 -17 -229 -51 12 -98 5 22 61 -57 26 68 68 -102 -106 -23 97 238 99 -18 14 95 180 -237 -8 49
140 23 66 -226 22 21 -106 101 -156 -75 136 -91 7 177 -17 161 -162 -70 134 112 110 -164 -61 11 75 -95 -87 136 94 -85 142 40 32 91 -133 104 48 -18 42 -313 34 -76 -187 -207 -2 167 -38 15 -25 -83 -171 83 54 -52 -216 10 45 127 173 -33 -108 50 -154 25 52 -97 -214 231 20 -34 2 -17 35 99 -14 28 15 -45 65 -15 -34 -81 -54 -178 41 226 150 -6 110 26 -89 -103 45 -3 -63 61 -42 -93 -15 -47
62 123 -49 78 -2 -85 -121 -2 -27 -49 -5 30 223 62 -51 -142 -83 -3 -166 35 199 6 65 -63 -3 -24 0 45 -26 177 -166 46 104 117 96 139 21 -28 113 21 -34 -47 44 -197 -93 103 -95 159 123 43 -83 55 47 -18 69 -86 224 124 90 -88 -28 -108 174 -25 -91 63 -199 62 199 -25 17 -14 -8 -16 -104 -18 -174 56 91 57 2 -143 -33 -91 -41 -25 66 72 77 -61 -47 11 6 30 109 12 -56 153 8 -258
27 -115 -193 -37 88 -43 -83 182 -140 -18 -237 -187 -24 -6 -41 -37 35 39 -153 -49 -21 4 232 61 35 -76 -155 -10 114 -115 -170 -103 22 -12 82 115 -205 -57 -58 -35 -163 135 -117 62 -25 74 97 -39 -45 7 39 22 180 35 -27 -81 181 -33 110 -8 -46 29 183 -49 -53 -156 -26 228 132 -12 -88 127 36 6 193 0 -213 -162 -121 99 30 54 -85 -133 -17 100 -59 46 -33 -69 -129 38 -1 86 -157 96 161 40 -37 73
73 142 -10 15 -11 56 73 170 48 -49 79 41 -77 -7 -47 15 -106 154 85 -29 71 -77 -77 32 32 -20 -126 19 -19 -25 -122 178 263 -13 -166 17 -5 62 75 -106 82 113 -184 -54 22 130 52 64 32 77 51 44 56 -40 -24 102 -93 149 -92 26 133 -132 -31 -14 -45 0 -28 -129 99 39 22 57 40 47 -20 91 -94 -112 -39 50 -167 183 -28 -89 6 56 -158 -46 11 63 151 -68 -99 54 147 -121 30 84 26 -122
-133 28 58 -85 -151 131 -83 -164 138 189 -130 -45 -49 -16 121 -24 -98 -87 22 98 -11 -162 139 -16 -131 24 -14 68 -44 90 -110 -70 183 197 90 143 -33 104 25 -118 38 -146 -41 32 -122 109 56 24 18 0 -128 -50 129 -24 138 9 -68 2 -95 141 99 -71 29 78 18 -5 -20 -108 -85 -17 32 67 -83 82 -112 -109 109 75 -42 -57 -83 80 -137 39 -125 196 102 -40 56 -114 18 -28 -109 59 -1 68 179 72 -56 -27
-40 -153 62 74 14 5 -129 -143 35 -129 -103 -223 187 1 -78 -82 -80 -58 -58 115 -31 -30 254 155 -2 -32 -77 -105 46 -67 -34 -4 -137 -91 25 56 -3 9 151 28 -50 -29 -17 158 -123 71 22 -138 -51 114 -98 -90 54 158 -11 -83 152 10 -46 -181 -150 157 58 -108 157 20 -109 -186 -140 89 -124 55 62 178 69 -24 -122 -12 -44 2 -145 -7 91 -71 166 -110 -92 32 -125 219 29 -131 -81 51 -43 35 107 -88 82 29
-282 -21 -306 -112 -21 2 -286 -23 -86 81 8 -117 165 63 -17 -90 141 29 -2 149 26 -131 -19 -25 44 60 -50 -65 -38 94 -2 -113 76 -27 24 20 -255 -30 -53 98 -224 -67 -4 80 50 143 17 39 -56 -85 65 68 54 -75 9 -41 54 44 -104 -45 41 31 186 -238 60 -4 -147 -47 -63 -103 -202 -227 -58 41 -76 -122 -6 -45 -224 13 -133 -127 115 -24 191 -92 -9 119 -2 -4 -1 72 23 4 -35 154 131 8 37 25
91 108 -165 -133 38 33 -88 205 -78 -65 300 -107 -12 -31 -112 65 131 133 40 -25 -127 -71 40 -52 -99 -53 89 -5 75 97 -120 20 171 -78 19 -134 12 -82 -10 65 -143 -107 -7 -154 113 -113 72 -34 -21 -48 43 -15 -24 -69 -64 -78 -74 -174 -117 76 27 -35 25 16 146 0 -122 98 151 -132 -38 2 -10 13 -66 29 3 83 25 -41 58 87 -121 6 -28 82 -11 4 -89 -141 -16 -29 -86 -20 12 23 0 -22 15 -148
-72 19 83 -76 -99 -151 250 -173 -19 -2 11 -86 -146 84 -22 -75 81 61 104 -183 112 -1 171 -175 9 114 64 -150 169 106 -255 -3 134 4 27 -43 5 58 65 -82 138 -43 70 74 11 199 0 -162 -124 34 -197 16 -169 -74 121 -33 -97 -28 195 98 1 -39 -30 -88 64 -11 -12 -161 42 -3 52 27 -45 -84 -44 -65 -47 -51 1 -36 -122 -172 -24 -175 73 -50 6 87 41 45 -32 355 -130 -35 74 -163 18 -12 106 -14
42 65 109 -43 84 9 96 -18 118 -57 -48 112 34 99 53 134 -151 -104 -85 7 -169 -72 64 134 71 -74 50 -118 51 32 54 -68 -54 23 41 225 33 -108 43 -147 58 -30 92 -164 -24 164 -116 55 264 -101 -71 -4 183 -82 -244 55 -16 67 176 -210 -65 -141 -7 -108 -16 39 196 94 18 31 143 88 7 186 62 17 -26 -7 44 -64 141 63 -102 -78 132 71 95 91 15 70 -104 -148 -79 110 -55 163 48 -8 -66 165
-135 22 7 29 -13 -37 -22 8 -52 14 -6 -150 116 150 -71 -90 10 11 83 68 -32 -215 175 -6 39 43 -115 -174 16 192 0 81 79 12 7 5 -22 133 -79 -142 24 -63 137 -32 44 107 6 -137 60 -90 -14 -43 74 -28 27 3 13 42 15 -53 -6 9 130 -3 -14 -14 -37 77 64 57 24 20 176 -102 132 143 154 -36 42 9 -278 -135 176 -6 -11 -85 -32 109 -1 -59 -48 183 64 -102 -85 48 -89 30 30 22
62 -57 117 -67 -6 -89 17 72 -86 -136 -22 59 75 -61 65 -78 -13 57 -190 -226 182 -5 -93 -100 -201 -54 39 185 -1 34 -80 -108 -164 91 66 49 -151 -22 -54 91 86 -106 -91 251 -98 53 61 -55 -55 72 82 -34 -2 -31 -85 33 -30 -229 -25 158 -3 -141 29 -40 -117 68 -187 -97 225 46 58 -18 -10 -125 19 92 -85 -4 -18 104 28 51 110 -12 84 -26 -64 -130 76 -214 -39 49 16 8 108 -63 141 135 -33 -61
16 49 25 -7 53 -209 16 3 73 10 81 123 132 127 -191 183 108 43 -186 48 113 -173 -40 -35 99 -64 21 18 -2 -65 107 138 -337 72 32 189 76 -61 -45 -116 226 -16 -50 -126 -119 163 -157 -164 -112 54 72 -34 96 89 -88 -66 -36 92 61 -149 -54 111 -48 50 11 58 -147 -4 22 26 8 40 27 5 54 48 -39 -67 -60 -96 -16 -174 -116 -43 51 254 104 26 52 -167 -125 -33 -134 -23 -40 120 61 -66 -55 13
81 61 24 53 -101 25 -65 43 189 11 -124 -17 33 -123 -131 -139 172 85 -39 200 209 38 27 46 -54 -96 88 130 -157 32 -49 93 -18 -37 174 60 -193 45 -132 -77 -119 155 200 51 -44 29 101 95 -197 19 187 -72 121 125 39 -13 363 107 -74 -124 -18 169 132 88 128 -83 -31 -237 30 68 55 57 208 36 201 -14 -67 -101 -193 61 65 -121 2 -25 65 -197 -119 -145 -56 8 280 96 -134 -15 -24 70 18 285 113 50
43 83 -99 18 -25 189 -50 -115 -80 31 33 21 -105 36 -103 -6 188 54 42 -3 -98 97 -70 3 55 -36 32 -158 44 127 -131 127 71 91 21 -143 19 89 -56 177 -130 30 25 150 -78 44 -186 10 40 81 141 -85 20 -101 101 9 -97 47 119 -34 118 -57 -37 -101 -72 120 -19 -120 -38 -80 118 -45 81 -151 -25 61 -104 -100 -118 -1 75 99 77 -47 -47 -224 134 -83 170 190 64 67 6 153 21 -220 74 64 -138 33
-38 -7 -1 -181 -7 49 10 159 96 132 69 136 -38 73 67 -82 118 104 -83 -33 -52 -36 -239 95 23 -103 294 141 -140 24 28 113 83 -190 -1 3 -191 -90 -79 221 -85 42 2 -56 70 73 -151 11 183 -29 21 -102 69 -23 55 12 116 117 69 -154 164 -92 101 -113 -34 -20 -48 59 85 174 -119 -125 -1 7 -16 -141 -20 -54 -51 -123 0 -199 3 -185 -80 -119 113 -57 86 -8 66 1 0 49 36 94 -65 -96 -199 -125
-70 -197 -103 116 3 -134 -86 36 -165 -108 17 -187 37 -87 31 -142 -19 110 124 -140 -41 -60 -95 -50 46 91 -113 135 51 -109 38 14 -130 36 62 182 158 47 -6 -43 161 -90 -82 21 -234 12 26 -233 4 12 35 0 -102 37 65 -10 31 95 309 -26 -135 135 -106 -184 -50 81 -166 -100 -22 -11 63 -20 19 62 37 111 100 -141 202 13 -51 57 58 68 30 -98 162 -165 57 -21 65 211 -72 -177 5 -15 -195 -32 26 -81
261 -207 78 -74 14 215 -65 74 -206 -176 -86 -158 -46 81 8 43 109 185 -49 89 -34 113 57 -23 -183 -39 183 -45 -79 55 135 46 -105 -119 13 -91 -163 72 -51 2 -2 33 -17 -64 83 -104 46 -45 181 149 177 -196 -94 36 -1 -10 148 54 44 44 7 -30 185 26 87 111 7 32 16 8 81 -19 171 7 170 2 19 -113 78 -104 -43 161 -5 -187 99 -398 -87 -36 -26 183 67 -123 96 77 -58 40 -185 157 -147 -97
14 -44 19 118 -89 -70 8 212 -102 3 -62 -105 115 -101 4 -64 19 137 -94 69 11 -61 -85 48 59 -62 -57 33 -12 29 -75 8 -21 -95 92 77 -83 20 -41 195 -35 -17 -153 -7 26 11 91 108 154 13 -198 154 -28 12 35 159 122 -15 -8 -31 -81 50 -55 -157 56 -38 -74 147 205 33 -203 -98 -4 12 -228 -57 -48 -79 -161 207 -19 -256 -46 84 49 -72 -53 52 68 80 -174 -70 114 -154 -35 -108 -77 -164 -52 183
181 144 12 -76 -13 78 -69 55 -111 -117 148 45 -38 32 223 75 -77 58 202 311 -72 153 -107 98 59 -33 134 0 54 71 64 114 -52 19 -135 -1 -77 121 15 -164 -19 70 71 83 188 -141 132 108 27 -43 -12 2 -174 14 -158 -78 122 21 114 48 114 277 86 -72 91 129 105 49 -83 -27 -14 -43 -16 18 42 12 117 -132 63 -12 166 -1 -57 -58 137 -103 9 -89 -112 0 273 -84 -76 143 -158 -88 -1 -99 -104 149
-109 -97 -202 -137 -43 -30 -15 -122 -13 -135 -55 -119 -135 -198 -43 -40 -15 -66 -183 68 -65 -16 14 -5 48 6 -211 -273 45 60 -124 -57 -41 124 202 -58 -237 -2 12 14 17 36 -57 158 40 173 3 -34 -52 187 86 16 32 26 -28 95 -162 72 66 117 -110 -99 -14 -236 89 134 17 -37 11 157 -41 52 127 167 -62 -14 27 -30 20 -95 -141 -41 15 -53 107 32 -153 -58 83 -172 129 12 -18 6 76 48 -10 -115 -34 -93
-88 -41 120 23 11 -5 -98 -10 137 1 -5 -58 -7 12 -73 152 -97 107 -124 -199 -143 127 -60 110 231 -82 -31 27 49 100 70 -14 77 69 4 29 -3 -200 47 12 205 155 32 127 38 36 49 -6 -33 45 154 -155 8 105 -143 -36 64 55 22 -49 -46 -186 -29 -19 -200 41 59 21 198 -98 -31 75 110 21 -82 7 -23 -153 6 -34 72 233 -116 -40 4 -65 -66 -34 73 96 67 -152 138 -48 26 140 182 102 -177 -108
34 96 21 8 -43 172 17 0 120 11 266 -33 -152 60 -16 6 37 118 125 87 3 -30 -79 -28 -12 150 -120 -105 -115 -8 71 86 4 -39 -21 -87 123 -40 -156 22 -102 14 -25 -288 95 6 29 -64 92 -12 10 -44 156 -20 -29 -71 7 205 64 7 147 68 163 -78 96 23 9 25 -127 113 147 -5 152 127 -98 -6 12 56 72 -103 -13 102 42 -81 35 -59 -31 -162 40 -17 98 -23 -13 -85 32 -14 -172 8 -96 -94
12 16 104 60 33 254 -38 -168 -47 -26 34 55 139 -26 2 -54 -49 48 -92 -31 57 60 109 286 10 -37 -68 69 -127 3 -40 194 -47 164 145 73 4 -132 -138 -220 167 145 -105 -50 -172 -93 144 0 131 -218 61 -13 259 -7 -113 -66 116 203 97 17 -115 67 -67 -112 50 -85 -186 -30 16 180 -48 -19 77 33 115 -170 -125 -41 -11 -185 2 71 -28 -119 60 -80 -53 129 60 92 120 -21 -18 -60 168 102 -106 157 41 17
-23 15 -130 13 -13 -24 -184 74 -51 -68 161 54 13 -177 77 -99 40 25 -48 100 -10 113 -103 -52 -172 67 41 111 57 -190 -30 -57 -142 -9 30 68 114 10 273 -228 -1 -347 -5 19 -72 -215 30 -25 9 15 65 -38 -85 -81 -39 -122 -13 -224 170 -46 -124 155 41 52 79 78 -188 -17 -30 -55 -171 10 -220 -147 41 103 203 69 96 34 20 18 -4 30 -201 23 31 -152 -78 66 156 -137 3 -178 168 -79 26 -18 -67 46
